%x-axis,1,2
%second,Volt,Volt

PI3=[...
-656.000E-03,+1.178109E+00,+1.175180E+00
-655.000E-03,+1.178109E+00,+1.175180E+00
-654.000E-03,+1.178109E+00,+1.174203E+00
-653.000E-03,+1.178109E+00,+1.175180E+00
-652.000E-03,+1.178109E+00,+1.174203E+00
-651.000E-03,+1.178109E+00,+1.175180E+00
-650.000E-03,+1.178109E+00,+1.174203E+00
-649.000E-03,+1.178109E+00,+1.174203E+00
-648.000E-03,+1.178109E+00,+1.174203E+00
-647.000E-03,+1.178109E+00,+1.174203E+00
-646.000E-03,+1.180063E+00,+1.175180E+00
-645.000E-03,+1.178109E+00,+1.175180E+00
-644.000E-03,+1.178109E+00,+1.175180E+00
-643.000E-03,+1.178109E+00,+1.175180E+00
-642.000E-03,+1.178109E+00,+1.175180E+00
-641.000E-03,+1.178109E+00,+1.175180E+00
-640.000E-03,+1.178109E+00,+1.175180E+00
-639.000E-03,+1.177133E+00,+1.174203E+00
-638.000E-03,+1.177133E+00,+1.174203E+00
-637.000E-03,+1.178109E+00,+1.174203E+00
-636.000E-03,+1.177133E+00,+1.174203E+00
-635.000E-03,+1.178109E+00,+1.174203E+00
-634.000E-03,+1.178109E+00,+1.174203E+00
-633.000E-03,+1.177133E+00,+1.174203E+00
-632.000E-03,+1.178109E+00,+1.174203E+00
-631.000E-03,+1.178109E+00,+1.174203E+00
-630.000E-03,+1.178109E+00,+1.175180E+00
-629.000E-03,+1.180063E+00,+1.175180E+00
-628.000E-03,+1.178109E+00,+1.174203E+00
-627.000E-03,+1.178109E+00,+1.175180E+00
-626.000E-03,+1.178109E+00,+1.175180E+00
-625.000E-03,+1.178109E+00,+1.175180E+00
-624.000E-03,+1.178109E+00,+1.175180E+00
-623.000E-03,+1.178109E+00,+1.174203E+00
-622.000E-03,+1.178109E+00,+1.174203E+00
-621.000E-03,+1.178109E+00,+1.174203E+00
-620.000E-03,+1.178109E+00,+1.174203E+00
-619.000E-03,+1.178109E+00,+1.174203E+00
-618.000E-03,+1.178109E+00,+1.174203E+00
-617.000E-03,+1.178109E+00,+1.175180E+00
-616.000E-03,+1.178109E+00,+1.174203E+00
-615.000E-03,+1.177133E+00,+1.174203E+00
-614.000E-03,+1.178109E+00,+1.175180E+00
-613.000E-03,+1.178109E+00,+1.175180E+00
-612.000E-03,+1.179086E+00,+1.175180E+00
-611.000E-03,+1.178109E+00,+1.175180E+00
-610.000E-03,+1.178109E+00,+1.175180E+00
-609.000E-03,+1.178109E+00,+1.175180E+00
-608.000E-03,+1.179086E+00,+1.175180E+00
-607.000E-03,+1.178109E+00,+1.175180E+00
-606.000E-03,+1.178109E+00,+1.175180E+00
-605.000E-03,+1.178109E+00,+1.174203E+00
-604.000E-03,+1.178109E+00,+1.174203E+00
-603.000E-03,+1.178109E+00,+1.174203E+00
-602.000E-03,+1.177133E+00,+1.174203E+00
-601.000E-03,+1.178109E+00,+1.174203E+00
-600.000E-03,+1.178109E+00,+1.174203E+00
-599.000E-03,+1.177133E+00,+1.174203E+00
-598.000E-03,+1.178109E+00,+1.174203E+00
-597.000E-03,+1.177133E+00,+1.174203E+00
-596.000E-03,+1.178109E+00,+1.175180E+00
-595.000E-03,+1.179086E+00,+1.174203E+00
-594.000E-03,+1.177133E+00,+1.174203E+00
-593.000E-03,+1.178109E+00,+1.175180E+00
-592.000E-03,+1.178109E+00,+1.175180E+00
-591.000E-03,+1.178109E+00,+1.175180E+00
-590.000E-03,+1.178109E+00,+1.175180E+00
-589.000E-03,+1.178109E+00,+1.174203E+00
-588.000E-03,+1.177133E+00,+1.175180E+00
-587.000E-03,+1.178109E+00,+1.174203E+00
-586.000E-03,+1.177133E+00,+1.175180E+00
-585.000E-03,+1.178109E+00,+1.175180E+00
-584.000E-03,+1.178109E+00,+1.175180E+00
-583.000E-03,+1.178109E+00,+1.175180E+00
-582.000E-03,+1.178109E+00,+1.175180E+00
-581.000E-03,+1.178109E+00,+1.175180E+00
-580.000E-03,+1.178109E+00,+1.175180E+00
-579.000E-03,+1.179086E+00,+1.175180E+00
-578.000E-03,+1.179086E+00,+1.175180E+00
-577.000E-03,+1.178109E+00,+1.175180E+00
-576.000E-03,+1.178109E+00,+1.175180E+00
-575.000E-03,+1.179086E+00,+1.175180E+00
-574.000E-03,+1.179086E+00,+1.175180E+00
-573.000E-03,+1.178109E+00,+1.175180E+00
-572.000E-03,+1.178109E+00,+1.175180E+00
-571.000E-03,+1.178109E+00,+1.175180E+00
-570.000E-03,+1.178109E+00,+1.175180E+00
-569.000E-03,+1.178109E+00,+1.175180E+00
-568.000E-03,+1.178109E+00,+1.174203E+00
-567.000E-03,+1.178109E+00,+1.175180E+00
-566.000E-03,+1.178109E+00,+1.174203E+00
-565.000E-03,+1.178109E+00,+1.175180E+00
-564.000E-03,+1.178109E+00,+1.175180E+00
-563.000E-03,+1.178109E+00,+1.175180E+00
-562.000E-03,+1.179086E+00,+1.175180E+00
-561.000E-03,+1.179086E+00,+1.175180E+00
-560.000E-03,+1.178109E+00,+1.174203E+00
-559.000E-03,+1.179086E+00,+1.175180E+00
-558.000E-03,+1.179086E+00,+1.175180E+00
-557.000E-03,+1.178109E+00,+1.175180E+00
-556.000E-03,+1.178109E+00,+1.175180E+00
-555.000E-03,+1.178109E+00,+1.174203E+00
-554.000E-03,+1.178109E+00,+1.174203E+00
-553.000E-03,+1.178109E+00,+1.174203E+00
-552.000E-03,+1.178109E+00,+1.174203E+00
-551.000E-03,+1.178109E+00,+1.174203E+00
-550.000E-03,+1.178109E+00,+1.175180E+00
-549.000E-03,+1.178109E+00,+1.175180E+00
-548.000E-03,+1.178109E+00,+1.175180E+00
-547.000E-03,+1.178109E+00,+1.175180E+00
-546.000E-03,+1.178109E+00,+1.175180E+00
-545.000E-03,+1.180063E+00,+1.175180E+00
-544.000E-03,+1.179086E+00,+1.175180E+00
-543.000E-03,+1.178109E+00,+1.175180E+00
-542.000E-03,+1.179086E+00,+1.175180E+00
-541.000E-03,+1.179086E+00,+1.175180E+00
-540.000E-03,+1.179086E+00,+1.175180E+00
-539.000E-03,+1.179086E+00,+1.175180E+00
-538.000E-03,+1.179086E+00,+1.175180E+00
-537.000E-03,+1.178109E+00,+1.175180E+00
-536.000E-03,+1.178109E+00,+1.174203E+00
-535.000E-03,+1.178109E+00,+1.175180E+00
-534.000E-03,+1.178109E+00,+1.174203E+00
-533.000E-03,+1.178109E+00,+1.175180E+00
-532.000E-03,+1.178109E+00,+1.174203E+00
-531.000E-03,+1.178109E+00,+1.175180E+00
-530.000E-03,+1.178109E+00,+1.175180E+00
-529.000E-03,+1.178109E+00,+1.175180E+00
-528.000E-03,+1.180063E+00,+1.175180E+00
-527.000E-03,+1.179086E+00,+1.175180E+00
-526.000E-03,+1.178109E+00,+1.174203E+00
-525.000E-03,+1.179086E+00,+1.175180E+00
-524.000E-03,+1.179086E+00,+1.175180E+00
-523.000E-03,+1.178109E+00,+1.175180E+00
-522.000E-03,+1.178109E+00,+1.175180E+00
-521.000E-03,+1.178109E+00,+1.174203E+00
-520.000E-03,+1.178109E+00,+1.174203E+00
-519.000E-03,+1.178109E+00,+1.174203E+00
-518.000E-03,+1.177133E+00,+1.174203E+00
-517.000E-03,+1.178109E+00,+1.174203E+00
-516.000E-03,+1.178109E+00,+1.174203E+00
-515.000E-03,+1.178109E+00,+1.174203E+00
-514.000E-03,+1.178109E+00,+1.174203E+00
-513.000E-03,+1.177133E+00,+1.174203E+00
-512.000E-03,+1.178109E+00,+1.175180E+00
-511.000E-03,+1.180063E+00,+1.175180E+00
-510.000E-03,+1.178109E+00,+1.174203E+00
-509.000E-03,+1.178109E+00,+1.175180E+00
-508.000E-03,+1.179086E+00,+1.175180E+00
-507.000E-03,+1.179086E+00,+1.176156E+00
-506.000E-03,+1.179086E+00,+1.175180E+00
-505.000E-03,+1.178109E+00,+1.175180E+00
-504.000E-03,+1.178109E+00,+1.175180E+00
-503.000E-03,+1.178109E+00,+1.175180E+00
-502.000E-03,+1.178109E+00,+1.175180E+00
-501.000E-03,+1.178109E+00,+1.175180E+00
-500.000E-03,-515.250E-03,+1.175180E+00
-499.000E-03,-1.189078E+00,+1.175180E+00
-498.000E-03,-1.189078E+00,+1.173227E+00
-497.000E-03,-1.189078E+00,+1.157602E+00
-496.000E-03,-1.189078E+00,+1.144906E+00
-495.000E-03,-1.189078E+00,+1.111703E+00
-494.000E-03,-1.188102E+00,+1.075570E+00
-493.000E-03,-1.189078E+00,+1.037484E+00
-492.000E-03,-1.189078E+00,+987.680E-03
-491.000E-03,-1.189078E+00,+948.617E-03
-490.000E-03,-1.189078E+00,+891.977E-03
-489.000E-03,-1.189078E+00,+847.055E-03
-488.000E-03,-1.189078E+00,+791.391E-03
-487.000E-03,-1.190055E+00,+737.680E-03
-486.000E-03,-1.190055E+00,+688.852E-03
-485.000E-03,-1.190055E+00,+629.281E-03
-484.000E-03,-1.190055E+00,+583.383E-03
-483.000E-03,-1.190055E+00,+528.695E-03
-482.000E-03,-1.190055E+00,+484.750E-03
-481.000E-03,-1.190055E+00,+432.016E-03
-480.000E-03,-1.190055E+00,+372.445E-03
-479.000E-03,-1.191031E+00,+326.547E-03
-478.000E-03,-1.191031E+00,+266.000E-03
-477.000E-03,-1.190055E+00,+220.102E-03
-476.000E-03,-1.191031E+00,+186.898E-03
-475.000E-03,-1.191031E+00,+148.813E-03
-474.000E-03,-1.191031E+00,+81.430E-03
-473.000E-03,-1.191031E+00,+31.625E-03
-472.000E-03,-1.191031E+00,-37.711E-03
-471.000E-03,-1.191031E+00,-93.375E-03
-470.000E-03,-1.191031E+00,-151.969E-03
-469.000E-03,-1.191031E+00,-212.516E-03
-468.000E-03,-1.192008E+00,-257.437E-03
-467.000E-03,-1.191031E+00,-309.195E-03
