%5x-axis,1,2
%5second,Volt,Volt

PI4=[...
-656.000E-03,+126.352E-03,+225.961E-03
-655.000E-03,+121.469E-03,+224.008E-03
-654.000E-03,+116.586E-03,+222.055E-03
-653.000E-03,+111.703E-03,+218.148E-03
-652.000E-03,+106.820E-03,+212.289E-03
-651.000E-03,+100.961E-03,+205.453E-03
-650.000E-03,+97.055E-03,+197.641E-03
-649.000E-03,+93.148E-03,+190.805E-03
-648.000E-03,+88.266E-03,+181.039E-03
-647.000E-03,+83.383E-03,+174.203E-03
-646.000E-03,+80.453E-03,+172.250E-03
-645.000E-03,+74.594E-03,+174.203E-03
-644.000E-03,+68.734E-03,+171.273E-03
-643.000E-03,+63.852E-03,+156.625E-03
-642.000E-03,+57.016E-03,+144.906E-03
-641.000E-03,+52.133E-03,+140.023E-03
-640.000E-03,+50.180E-03,+140.023E-03
-639.000E-03,+46.273E-03,+139.047E-03
-638.000E-03,+41.391E-03,+138.070E-03
-637.000E-03,+36.508E-03,+138.070E-03
-636.000E-03,+34.555E-03,+137.094E-03
-635.000E-03,+31.625E-03,+137.094E-03
-634.000E-03,+27.719E-03,+130.258E-03
-633.000E-03,+22.836E-03,+119.516E-03
-632.000E-03,+19.906E-03,+111.703E-03
-631.000E-03,+17.953E-03,+100.961E-03
-630.000E-03,+14.047E-03,+92.172E-03
-629.000E-03,+8.188E-03,+89.242E-03
-628.000E-03,+3.305E-03,+91.195E-03
-627.000E-03,-602E-06,+92.172E-03
-626.000E-03,-4.508E-03,+94.125E-03
-625.000E-03,-12.320E-03,+93.148E-03
-624.000E-03,-15.250E-03,+88.266E-03
-623.000E-03,-17.203E-03,+77.523E-03
-622.000E-03,-22.086E-03,+69.711E-03
-621.000E-03,-27.945E-03,+59.945E-03
-620.000E-03,-33.805E-03,+52.133E-03
-619.000E-03,-36.734E-03,+48.227E-03
-618.000E-03,-40.641E-03,+50.180E-03
-617.000E-03,-46.500E-03,+50.180E-03
-616.000E-03,-53.336E-03,+51.156E-03
-615.000E-03,-59.195E-03,+52.133E-03
-614.000E-03,-65.055E-03,+52.133E-03
-613.000E-03,-67.984E-03,+53.109E-03
-612.000E-03,-72.867E-03,+53.109E-03
-611.000E-03,-78.727E-03,+50.180E-03
-610.000E-03,-82.633E-03,+33.578E-03
-609.000E-03,-85.562E-03,+19.906E-03
-608.000E-03,-91.422E-03,+2.328E-03
-607.000E-03,-96.305E-03,-15.250E-03
-606.000E-03,-100.211E-03,-27.945E-03
-605.000E-03,-105.094E-03,-33.805E-03
-604.000E-03,-110.953E-03,-33.805E-03
-603.000E-03,-115.836E-03,-33.805E-03
-602.000E-03,-120.719E-03,-37.711E-03
-601.000E-03,-126.578E-03,-41.617E-03
-600.000E-03,-130.484E-03,-45.523E-03
-599.000E-03,-134.391E-03,-47.477E-03
-598.000E-03,-140.250E-03,-49.430E-03
-597.000E-03,-145.133E-03,-54.312E-03
-596.000E-03,-150.992E-03,-60.172E-03
-595.000E-03,-155.875E-03,-63.102E-03
-594.000E-03,-159.781E-03,-62.125E-03
-593.000E-03,-163.687E-03,-59.195E-03
-592.000E-03,-166.617E-03,-56.266E-03
-591.000E-03,-174.430E-03,-56.266E-03
-590.000E-03,-181.266E-03,-54.312E-03
-589.000E-03,-185.172E-03,-53.336E-03
-588.000E-03,-188.102E-03,-53.336E-03
-587.000E-03,-191.031E-03,-54.312E-03
-586.000E-03,-195.914E-03,-65.055E-03
-585.000E-03,-201.773E-03,-73.844E-03
-584.000E-03,-206.656E-03,-83.609E-03
-583.000E-03,-212.516E-03,-93.375E-03
-582.000E-03,-218.375E-03,-99.234E-03
-581.000E-03,-224.234E-03,-98.258E-03
-580.000E-03,-232.047E-03,-97.281E-03
-579.000E-03,-236.930E-03,-96.305E-03
-578.000E-03,-238.883E-03,-96.305E-03
-577.000E-03,-241.812E-03,-99.234E-03
-576.000E-03,-246.695E-03,-110.953E-03
-575.000E-03,-250.602E-03,-118.766E-03
-574.000E-03,-255.484E-03,-130.484E-03
-573.000E-03,-259.391E-03,-138.297E-03
-572.000E-03,-264.273E-03,-137.320E-03
-571.000E-03,-269.156E-03,-131.461E-03
-570.000E-03,-275.016E-03,-129.508E-03
-569.000E-03,-280.875E-03,-137.320E-03
-568.000E-03,-286.734E-03,-143.180E-03
-567.000E-03,-293.570E-03,-148.062E-03
-566.000E-03,-298.453E-03,-150.992E-03
-565.000E-03,-301.383E-03,-157.828E-03
-564.000E-03,-303.336E-03,-170.523E-03
-563.000E-03,-308.219E-03,-180.289E-03
-562.000E-03,-314.078E-03,-181.266E-03
-561.000E-03,-319.937E-03,-181.266E-03
-560.000E-03,-324.820E-03,-187.125E-03
-559.000E-03,-328.727E-03,-197.867E-03
-558.000E-03,-331.656E-03,-204.703E-03
-557.000E-03,-339.469E-03,-216.422E-03
-556.000E-03,-344.352E-03,-224.234E-03
-555.000E-03,-349.234E-03,-225.211E-03
-554.000E-03,-354.117E-03,-224.234E-03
-553.000E-03,-358.023E-03,-225.211E-03
-552.000E-03,-362.906E-03,-234.977E-03
-551.000E-03,-368.766E-03,-243.766E-03
-550.000E-03,-373.648E-03,-253.531E-03
-549.000E-03,-378.531E-03,-264.273E-03
-548.000E-03,-383.414E-03,-269.156E-03
-547.000E-03,-387.320E-03,-268.180E-03
-546.000E-03,-392.203E-03,-267.203E-03
-545.000E-03,-397.086E-03,-276.969E-03
-544.000E-03,-401.969E-03,-285.758E-03
-543.000E-03,-405.875E-03,-289.664E-03
-542.000E-03,-410.758E-03,-287.711E-03
-541.000E-03,-414.664E-03,-288.687E-03
-540.000E-03,-420.523E-03,-298.453E-03
-539.000E-03,-424.430E-03,-307.242E-03
-538.000E-03,-430.289E-03,-309.195E-03
-537.000E-03,-437.125E-03,-308.219E-03
-536.000E-03,-442.984E-03,-309.195E-03
-535.000E-03,-446.891E-03,-315.055E-03
-534.000E-03,-449.820E-03,-318.961E-03
-533.000E-03,-453.727E-03,-326.773E-03
-532.000E-03,-459.586E-03,-333.609E-03
-531.000E-03,-465.445E-03,-341.422E-03
-530.000E-03,-468.375E-03,-350.211E-03
-529.000E-03,-469.352E-03,-355.094E-03
-528.000E-03,-473.258E-03,-354.117E-03
-527.000E-03,-479.117E-03,-352.164E-03
-526.000E-03,-484.000E-03,-358.023E-03
-525.000E-03,-489.859E-03,-367.789E-03
-524.000E-03,-493.766E-03,-374.625E-03
-523.000E-03,-501.578E-03,-380.484E-03
-522.000E-03,-506.461E-03,-384.391E-03
-521.000E-03,-510.367E-03,-386.344E-03
-520.000E-03,-513.297E-03,-388.297E-03
-519.000E-03,-516.227E-03,-394.156E-03
-518.000E-03,-522.086E-03,-405.875E-03
-517.000E-03,-529.898E-03,-413.687E-03
-516.000E-03,-533.805E-03,-414.664E-03
-515.000E-03,-536.734E-03,-413.687E-03
-514.000E-03,-540.641E-03,-422.477E-03
-513.000E-03,-544.547E-03,-432.242E-03
-512.000E-03,-551.383E-03,-442.984E-03
-511.000E-03,-557.242E-03,-452.750E-03
-510.000E-03,-562.125E-03,-459.586E-03
-509.000E-03,-566.031E-03,-458.609E-03
-508.000E-03,-570.914E-03,-457.633E-03
-507.000E-03,-574.820E-03,-463.492E-03
-506.000E-03,-581.656E-03,-472.281E-03
-505.000E-03,-584.586E-03,-477.164E-03
-504.000E-03,-590.445E-03,-476.187E-03
-503.000E-03,-595.328E-03,-476.187E-03
-502.000E-03,-599.234E-03,-486.930E-03
-501.000E-03,-605.094E-03,-496.695E-03
-500.000E-03,-609.977E-03,-500.602E-03
-499.000E-03,-614.859E-03,-499.625E-03
-498.000E-03,-619.742E-03,-500.602E-03
-497.000E-03,-625.602E-03,-512.320E-03
-496.000E-03,-629.508E-03,-522.086E-03
-495.000E-03,-633.414E-03,-523.062E-03
-494.000E-03,-639.273E-03,-522.086E-03
-493.000E-03,-644.156E-03,-525.992E-03
-492.000E-03,-649.039E-03,-535.758E-03
-491.000E-03,-654.898E-03,-543.570E-03
-490.000E-03,-657.828E-03,-552.359E-03
-489.000E-03,-663.687E-03,-562.125E-03
-488.000E-03,-669.547E-03,-563.102E-03
-487.000E-03,-675.406E-03,-561.148E-03
-486.000E-03,-680.289E-03,-564.078E-03
-485.000E-03,-683.219E-03,-574.820E-03
-484.000E-03,-684.195E-03,-583.609E-03
-483.000E-03,-688.102E-03,-583.609E-03
-482.000E-03,-694.937E-03,-582.633E-03
-481.000E-03,-700.797E-03,-589.469E-03
-480.000E-03,-706.656E-03,-599.234E-03
-479.000E-03,-711.539E-03,-604.117E-03
-478.000E-03,-718.375E-03,-604.117E-03
-477.000E-03,-723.258E-03,-603.141E-03
-476.000E-03,-729.117E-03,-612.906E-03
-475.000E-03,-733.023E-03,-622.672E-03
-474.000E-03,-734.977E-03,-626.578E-03
-473.000E-03,-737.906E-03,-625.602E-03
-472.000E-03,-745.719E-03,-626.578E-03
-471.000E-03,-750.602E-03,-636.344E-03
-470.000E-03,-754.508E-03,-644.156E-03
-469.000E-03,-757.437E-03,-646.109E-03
-468.000E-03,-762.320E-03,-646.109E-03
-467.000E-03,-768.180E-03,-649.039E-03
-466.000E-03,-774.039E-03,-658.805E-03
-465.000E-03,-779.898E-03,-667.594E-03
-464.000E-03,-784.781E-03,-678.336E-03
-463.000E-03,-790.641E-03,-687.125E-03
-462.000E-03,-794.547E-03,-690.055E-03
-461.000E-03,-796.500E-03,-688.102E-03
-460.000E-03,-800.406E-03,-691.031E-03
-459.000E-03,-806.266E-03,-701.773E-03
-458.000E-03,-812.125E-03,-708.609E-03
-457.000E-03,-817.984E-03,-709.586E-03
-456.000E-03,-821.891E-03,-707.633E-03
